we are pl № 1; USE: o
or: O
Y = 15; X = 17
I WILL PRINT YOUR ARRAY
.................
.................
.................
.................
.................
.................
.................
.................
..O..............
.................
.................
.................
..............X..
.................
.................
curr OPP COORD: Ycurr = 12 Xcurr = 14
----> Piece 1 2:
piece y=1, x=2
I WILL PRINT YOUR PIECE
**
i am in hot!!

pre X_:[2]; pre Y_: [8]
							enemy_x:14 enemy_y:12
in if
here_AFTER: next_x:0 next_y:0 | is_one = 1
line:0 [+26][+25][+24][+23][+22][+21][+20][+19][+18][+17][+16][+15][+14][+13][+12][+13][+14]
line:1 [+25][+24][+23][+22][+21][+20][+19][+18][+17][+16][+15][+14][+13][+12][+11][+12][+13]
line:2 [+24][+23][+22][+21][+20][+19][+18][+17][+16][+15][+14][+13][+12][+11][+10][+11][+12]
line:3 [+23][+22][+21][+20][+19][+18][+17][+16][+15][+14][+13][+12][+11][+10][ +9][+10][+11]
line:4 [+22][+21][+20][+19][+18][+17][+16][+15][+14][+13][+12][+11][+10][ +9][ +8][ +9][+10]
line:5 [+21][+20][+19][+18][+17][+16][+15][+14][+13][+12][+11][+10][ +9][ +8][ +7][ +8][ +9]
line:6 [+20][+19][+18][+17][+16][+15][+14][+13][+12][+11][+10][ +9][ +8][ +7][ +6][ +7][ +8]
line:7 [+19][+18][+17][+16][+15][+14][+13][+12][+11][+10][ +9][ +8][ +7][ +6][ +5][ +6][ +7]
line:8 [+18][+17][-99][+15][+14][+13][+12][+11][+10][ +9][ +8][ +7][ +6][ +5][ +4][ +5][ +6]
line:9 [+17][+16][+15][+14][+13][+12][+11][+10][ +9][ +8][ +7][ +6][ +5][ +4][ +3][ +4][ +5]
line:10[+16][+15][+14][+13][+12][+11][+10][ +9][ +8][ +7][ +6][ +5][ +4][ +3][ +2][ +3][ +4]
line:11[+15][+14][+13][+12][+11][+10][ +9][ +8][ +7][ +6][ +5][ +4][ +3][ +2][ +1][ +2][ +3]
line:12[+14][+13][+12][+11][+10][ +9][ +8][ +7][ +6][ +5][ +4][ +3][ +2][ +1][+99][ +1][ +2]
line:13[+15][+14][+13][+12][+11][+10][ +9][ +8][ +7][ +6][ +5][ +4][ +3][ +2][ +1][ +2][ +3]
line:14[+16][+15][+14][+13][+12][+11][+10][ +9][ +8][ +7][ +6][ +5][ +4][ +3][ +2][ +3][ +4]
------------------------------------!!!PRELIMINARY_X:!!![2]; !!!PRELIMINARY_Y:!!! [8]

I WILL PRINT YOUR ARRAY
.................
.................
.................
.................
.................
.................
.................
.................
..OO.............
.................
.................
............XXX..
............XXX..
.................
.................
curr OPP COORD: Ycurr = 11 Xcurr = 12
----> Piece 2 2:
piece y=2, x=2
I WILL PRINT YOUR PIECE
**
..
i am in hot!!

pre X_:[2]; pre Y_: [8]
pre X_:[3]; pre Y_: [8]
							enemy_x:12 enemy_y:11
							enemy_x:13 enemy_y:11
							enemy_x:14 enemy_y:11
							enemy_x:12 enemy_y:12
							enemy_x:13 enemy_y:12
							enemy_x:14 enemy_y:12
line:0 [+23][+22][+21][+20][+19][+18][+17][+16][+15][+14][+13][+12][+11][+12][+13][+14][+15]
line:1 [+22][+21][+20][+19][+18][+17][+16][+15][+14][+13][+12][+11][+10][+11][+12][+13][+14]
line:2 [+21][+20][+19][+18][+17][+16][+15][+14][+13][+12][+11][+10][ +9][+10][+11][+12][+13]
line:3 [+20][+19][+18][+17][+16][+15][+14][+13][+12][+11][+10][ +9][ +8][ +9][+10][+11][+12]
line:4 [+19][+18][+17][+16][+15][+14][+13][+12][+11][+10][ +9][ +8][ +7][ +8][ +9][+10][+11]
line:5 [+18][+17][+16][+15][+14][+13][+12][+11][+10][ +9][ +8][ +7][ +6][ +7][ +8][ +9][+10]
line:6 [+17][+16][+15][+14][+13][+12][+11][+10][ +9][ +8][ +7][ +6][ +5][ +6][ +7][ +8][ +9]
line:7 [+16][+15][+14][+13][+12][+11][+10][ +9][ +8][ +7][ +6][ +5][ +4][ +5][ +6][ +7][ +8]
line:8 [+15][+14][-99][-99][+11][+10][ +9][ +8][ +7][ +6][ +5][ +4][ +3][ +4][ +5][ +6][ +7]
line:9 [+14][+13][+12][+11][+10][ +9][ +8][ +7][ +6][ +5][ +4][ +3][ +2][ +3][ +4][ +5][ +6]
line:10[+13][+12][+11][+10][ +9][ +8][ +7][ +6][ +5][ +4][ +3][ +2][ +1][ +2][ +3][ +4][ +5]
line:11[+12][+11][+10][ +9][ +8][ +7][ +6][ +5][ +4][ +3][ +2][ +1][+99][+99][+99][ +3][ +4]
line:12[+13][+12][+11][+10][ +9][ +8][ +7][ +6][ +5][ +4][ +3][ +2][+99][+99][+99][ +4][ +5]
line:13[+14][+13][+12][+11][+10][ +9][ +8][ +7][ +6][ +5][ +4][ +3][ +2][ +3][ +4][ +5][ +6]
line:14[+15][+14][+13][+12][+11][+10][ +9][ +8][ +7][ +6][ +5][ +4][ +3][ +4][ +5][ +6][ +7]
------------------------------------!!!PRELIMINARY_X:!!![3]; !!!PRELIMINARY_Y:!!! [8]

I WILL PRINT YOUR ARRAY
.................
.................
.................
.................
.................
.................
.................
.................
..OOO............
.................
.................
..........XXXXX..
............XXX..
.................
.................
curr OPP COORD: Ycurr = 11 Xcurr = 10
----> Piece 2 2:
piece y=2, x=2
I WILL PRINT YOUR PIECE
**
.*
i am in hot!!

pre X_:[3]; pre Y_: [8]
pre X_:[3]; pre Y_: [8]
pre X_:[4]; pre Y_: [8]
							enemy_x:10 enemy_y:11
							enemy_x:11 enemy_y:11
							enemy_x:12 enemy_y:11
							enemy_x:13 enemy_y:11
							enemy_x:14 enemy_y:11
							enemy_x:12 enemy_y:12
							enemy_x:13 enemy_y:12
							enemy_x:14 enemy_y:12
line:0 [+21][+20][+19][+18][+17][+16][+15][+14][+13][+12][+11][+12][+13][+14][+15][+16][+17]
line:1 [+20][+19][+18][+17][+16][+15][+14][+13][+12][+11][+10][+11][+12][+13][+14][+15][+16]
line:2 [+19][+18][+17][+16][+15][+14][+13][+12][+11][+10][ +9][+10][+11][+12][+13][+14][+15]
line:3 [+18][+17][+16][+15][+14][+13][+12][+11][+10][ +9][ +8][ +9][+10][+11][+12][+13][+14]
line:4 [+17][+16][+15][+14][+13][+12][+11][+10][ +9][ +8][ +7][ +8][ +9][+10][+11][+12][+13]
line:5 [+16][+15][+14][+13][+12][+11][+10][ +9][ +8][ +7][ +6][ +7][ +8][ +9][+10][+11][+12]
line:6 [+15][+14][+13][+12][+11][+10][ +9][ +8][ +7][ +6][ +5][ +6][ +7][ +8][ +9][+10][+11]
line:7 [+14][+13][+12][+11][+10][ +9][ +8][ +7][ +6][ +5][ +4][ +5][ +6][ +7][ +8][ +9][+10]
line:8 [+13][+12][-99][-99][-99][ +8][ +7][ +6][ +5][ +4][ +3][ +4][ +5][ +6][ +7][ +8][ +9]
line:9 [+12][+11][+10][ +9][ +8][ +7][ +6][ +5][ +4][ +3][ +2][ +3][ +4][ +5][ +6][ +7][ +8]
line:10[+11][+10][ +9][ +8][ +7][ +6][ +5][ +4][ +3][ +2][ +1][ +2][ +3][ +4][ +5][ +6][ +7]
line:11[+10][ +9][ +8][ +7][ +6][ +5][ +4][ +3][ +2][ +1][+99][+99][+99][+99][+99][ +5][ +6]
line:12[+11][+10][ +9][ +8][ +7][ +6][ +5][ +4][ +3][ +2][ +1][ +2][+99][+99][+99][ +6][ +7]
line:13[+12][+11][+10][ +9][ +8][ +7][ +6][ +5][ +4][ +3][ +2][ +3][ +4][ +5][ +6][ +7][ +8]
line:14[+13][+12][+11][+10][ +9][ +8][ +7][ +6][ +5][ +4][ +3][ +4][ +5][ +6][ +7][ +8][ +9]
------------------------------------!!!PRELIMINARY_X:!!![4]; !!!PRELIMINARY_Y:!!! [8]

I WILL PRINT YOUR ARRAY
.................
.................
.................
.................
.................
.................
.................
.................
..OOOO...........
.....O...........
.................
.........XXXXXX..
............XXX..
.................
.................
curr OPP COORD: Ycurr = 11 Xcurr = 9
----> Piece 1 3:
piece y=1, x=3
I WILL PRINT YOUR PIECE
***
i am in hot!!

pre X_:[4]; pre Y_: [8]
pre X_:[4]; pre Y_: [8]
pre X_:[4]; pre Y_: [8]
pre X_:[5]; pre Y_: [8]
pre X_:[5]; pre Y_: [9]
							enemy_x:9 enemy_y:11
							enemy_x:10 enemy_y:11
							enemy_x:11 enemy_y:11
							enemy_x:12 enemy_y:11
							enemy_x:13 enemy_y:11
							enemy_x:14 enemy_y:11
							enemy_x:12 enemy_y:12
							enemy_x:13 enemy_y:12
							enemy_x:14 enemy_y:12
line:0 [+20][+19][+18][+17][+16][+15][+14][+13][+12][+11][+12][+13][+14][+15][+16][+17][+18]
line:1 [+19][+18][+17][+16][+15][+14][+13][+12][+11][+10][+11][+12][+13][+14][+15][+16][+17]
line:2 [+18][+17][+16][+15][+14][+13][+12][+11][+10][ +9][+10][+11][+12][+13][+14][+15][+16]
line:3 [+17][+16][+15][+14][+13][+12][+11][+10][ +9][ +8][ +9][+10][+11][+12][+13][+14][+15]
line:4 [+16][+15][+14][+13][+12][+11][+10][ +9][ +8][ +7][ +8][ +9][+10][+11][+12][+13][+14]
line:5 [+15][+14][+13][+12][+11][+10][ +9][ +8][ +7][ +6][ +7][ +8][ +9][+10][+11][+12][+13]
line:6 [+14][+13][+12][+11][+10][ +9][ +8][ +7][ +6][ +5][ +6][ +7][ +8][ +9][+10][+11][+12]
line:7 [+13][+12][+11][+10][ +9][ +8][ +7][ +6][ +5][ +4][ +5][ +6][ +7][ +8][ +9][+10][+11]
line:8 [+12][+11][-99][-99][-99][-99][ +6][ +5][ +4][ +3][ +4][ +5][ +6][ +7][ +8][ +9][+10]
line:9 [+11][+10][ +9][ +8][ +7][-99][ +5][ +4][ +3][ +2][ +3][ +4][ +5][ +6][ +7][ +8][ +9]
line:10[+10][ +9][ +8][ +7][ +6][ +5][ +4][ +3][ +2][ +1][ +2][ +3][ +4][ +5][ +6][ +7][ +8]
line:11[ +9][ +8][ +7][ +6][ +5][ +4][ +3][ +2][ +1][+99][+99][+99][+99][+99][+99][ +6][ +7]
line:12[+10][ +9][ +8][ +7][ +6][ +5][ +4][ +3][ +2][ +1][ +2][ +3][+99][+99][+99][ +7][ +8]
line:13[+11][+10][ +9][ +8][ +7][ +6][ +5][ +4][ +3][ +2][ +3][ +4][ +5][ +6][ +7][ +8][ +9]
line:14[+12][+11][+10][ +9][ +8][ +7][ +6][ +5][ +4][ +3][ +4][ +5][ +6][ +7][ +8][ +9][+10]
------------------------------------!!!PRELIMINARY_X:!!![5]; !!!PRELIMINARY_Y:!!! [9]

I WILL PRINT YOUR ARRAY
.................
.................
.................
.................
.................
.................
.................
.................
..OOOO...........
.....OOO.........
..........X......
.........XXXXXX..
............XXX..
.................
.................
curr OPP COORD: Ycurr = 10 Xcurr = 10
----> Piece 1 3:
piece y=1, x=3
I WILL PRINT YOUR PIECE
**.
i am in hot!!

pre X_:[5]; pre Y_: [9]
pre X_:[5]; pre Y_: [9]
pre X_:[5]; pre Y_: [9]
pre X_:[5]; pre Y_: [9]
pre X_:[5]; pre Y_: [9]
pre X_:[6]; pre Y_: [9]
pre X_:[7]; pre Y_: [9]
							enemy_x:10 enemy_y:10
							enemy_x:9 enemy_y:11
							enemy_x:10 enemy_y:11
							enemy_x:11 enemy_y:11
							enemy_x:12 enemy_y:11
							enemy_x:13 enemy_y:11
							enemy_x:14 enemy_y:11
							enemy_x:12 enemy_y:12
							enemy_x:13 enemy_y:12
							enemy_x:14 enemy_y:12
line:0 [+20][+19][+18][+17][+16][+15][+14][+13][+12][+11][+10][+11][+12][+13][+14][+15][+16]
line:1 [+19][+18][+17][+16][+15][+14][+13][+12][+11][+10][ +9][+10][+11][+12][+13][+14][+15]
line:2 [+18][+17][+16][+15][+14][+13][+12][+11][+10][ +9][ +8][ +9][+10][+11][+12][+13][+14]
line:3 [+17][+16][+15][+14][+13][+12][+11][+10][ +9][ +8][ +7][ +8][ +9][+10][+11][+12][+13]
line:4 [+16][+15][+14][+13][+12][+11][+10][ +9][ +8][ +7][ +6][ +7][ +8][ +9][+10][+11][+12]
line:5 [+15][+14][+13][+12][+11][+10][ +9][ +8][ +7][ +6][ +5][ +6][ +7][ +8][ +9][+10][+11]
line:6 [+14][+13][+12][+11][+10][ +9][ +8][ +7][ +6][ +5][ +4][ +5][ +6][ +7][ +8][ +9][+10]
line:7 [+13][+12][+11][+10][ +9][ +8][ +7][ +6][ +5][ +4][ +3][ +4][ +5][ +6][ +7][ +8][ +9]
line:8 [+12][+11][-99][-99][-99][-99][ +6][ +5][ +4][ +3][ +2][ +3][ +4][ +5][ +6][ +7][ +8]
line:9 [+11][+10][ +9][ +8][ +7][-99][-99][-99][ +3][ +2][ +1][ +2][ +3][ +4][ +5][ +6][ +7]
line:10[+10][ +9][ +8][ +7][ +6][ +5][ +4][ +3][ +2][ +1][+99][ +1][ +2][ +3][ +4][ +5][ +6]
line:11[+11][+10][ +9][ +8][ +7][ +6][ +5][ +4][ +3][+99][+99][+99][+99][+99][+99][ +6][ +7]
line:12[+12][+11][+10][ +9][ +8][ +7][ +6][ +5][ +4][ +3][ +2][ +3][+99][+99][+99][ +7][ +8]
line:13[+13][+12][+11][+10][ +9][ +8][ +7][ +6][ +5][ +4][ +3][ +4][ +5][ +6][ +7][ +8][ +9]
line:14[+14][+13][+12][+11][+10][ +9][ +8][ +7][ +6][ +5][ +4][ +5][ +6][ +7][ +8][ +9][+10]
------------------------------------!!!PRELIMINARY_X:!!![7]; !!!PRELIMINARY_Y:!!! [9]

I WILL PRINT YOUR ARRAY
.................
.................
.................
.................
.................
.................
.................
.................
..OOOO...........
.....OOOO.X......
..........X......
.........XXXXXX..
............XXX..
.................
.................
curr OPP COORD: Ycurr = 9 Xcurr = 10
----> Piece 1 2:
piece y=1, x=2
I WILL PRINT YOUR PIECE
**
i am in hot!!

pre X_:[7]; pre Y_: [9]
pre X_:[7]; pre Y_: [9]
pre X_:[7]; pre Y_: [9]
pre X_:[7]; pre Y_: [9]
pre X_:[7]; pre Y_: [9]
pre X_:[7]; pre Y_: [9]
pre X_:[7]; pre Y_: [9]
pre X_:[8]; pre Y_: [9]
							enemy_x:10 enemy_y:9
							enemy_x:10 enemy_y:10
							enemy_x:9 enemy_y:11
							enemy_x:10 enemy_y:11
							enemy_x:11 enemy_y:11
							enemy_x:12 enemy_y:11
							enemy_x:13 enemy_y:11
							enemy_x:14 enemy_y:11
							enemy_x:12 enemy_y:12
							enemy_x:13 enemy_y:12
							enemy_x:14 enemy_y:12
line:0 [+19][+18][+17][+16][+15][+14][+13][+12][+11][+10][ +9][+10][+11][+12][+13][+14][+15]
line:1 [+18][+17][+16][+15][+14][+13][+12][+11][+10][ +9][ +8][ +9][+10][+11][+12][+13][+14]
line:2 [+17][+16][+15][+14][+13][+12][+11][+10][ +9][ +8][ +7][ +8][ +9][+10][+11][+12][+13]
line:3 [+16][+15][+14][+13][+12][+11][+10][ +9][ +8][ +7][ +6][ +7][ +8][ +9][+10][+11][+12]
line:4 [+15][+14][+13][+12][+11][+10][ +9][ +8][ +7][ +6][ +5][ +6][ +7][ +8][ +9][+10][+11]
line:5 [+14][+13][+12][+11][+10][ +9][ +8][ +7][ +6][ +5][ +4][ +5][ +6][ +7][ +8][ +9][+10]
line:6 [+13][+12][+11][+10][ +9][ +8][ +7][ +6][ +5][ +4][ +3][ +4][ +5][ +6][ +7][ +8][ +9]
line:7 [+12][+11][+10][ +9][ +8][ +7][ +6][ +5][ +4][ +3][ +2][ +3][ +4][ +5][ +6][ +7][ +8]
line:8 [+11][+10][-99][-99][-99][-99][ +5][ +4][ +3][ +2][ +1][ +2][ +3][ +4][ +5][ +6][ +7]
line:9 [+10][ +9][ +8][ +7][ +6][-99][-99][-99][-99][ +1][+99][ +1][ +2][ +3][ +4][ +5][ +6]
line:10[+11][+10][ +9][ +8][ +7][ +6][ +5][ +4][ +3][ +2][+99][ +2][ +3][ +4][ +5][ +6][ +7]
line:11[+12][+11][+10][ +9][ +8][ +7][ +6][ +5][ +4][+99][+99][+99][+99][+99][+99][ +7][ +8]
line:12[+13][+12][+11][+10][ +9][ +8][ +7][ +6][ +5][ +4][ +3][ +4][+99][+99][+99][ +8][ +9]
line:13[+14][+13][+12][+11][+10][ +9][ +8][ +7][ +6][ +5][ +4][ +5][ +6][ +7][ +8][ +9][+10]
line:14[+15][+14][+13][+12][+11][+10][ +9][ +8][ +7][ +6][ +5][ +6][ +7][ +8][ +9][+10][+11]
------------------------------------!!!PRELIMINARY_X:!!![8]; !!!PRELIMINARY_Y:!!! [9]

I WILL PRINT YOUR ARRAY
.................
.................
.................
.................
.................
.................
.................
.................
..OOOO...........
.....OOOOOXX.....
..........X......
.........XXXXXX..
............XXX..
.................
.................
curr OPP COORD: Ycurr = 9 Xcurr = 10
----> Piece 2 1:
piece y=2, x=1
I WILL PRINT YOUR PIECE
*
*
i am in hot!!

pre X_:[8]; pre Y_: [9]
pre X_:[8]; pre Y_: [9]
pre X_:[8]; pre Y_: [9]
pre X_:[8]; pre Y_: [9]
pre X_:[8]; pre Y_: [9]
pre X_:[8]; pre Y_: [9]
pre X_:[8]; pre Y_: [9]
pre X_:[8]; pre Y_: [9]
pre X_:[9]; pre Y_: [9]
							enemy_x:10 enemy_y:9
							enemy_x:11 enemy_y:9
							enemy_x:10 enemy_y:10
							enemy_x:9 enemy_y:11
							enemy_x:10 enemy_y:11
							enemy_x:11 enemy_y:11
							enemy_x:12 enemy_y:11
							enemy_x:13 enemy_y:11
							enemy_x:14 enemy_y:11
							enemy_x:12 enemy_y:12
							enemy_x:13 enemy_y:12
							enemy_x:14 enemy_y:12
line:0 [+19][+18][+17][+16][+15][+14][+13][+12][+11][+10][ +9][+10][+11][+12][+13][+14][+15]
line:1 [+18][+17][+16][+15][+14][+13][+12][+11][+10][ +9][ +8][ +9][+10][+11][+12][+13][+14]
line:2 [+17][+16][+15][+14][+13][+12][+11][+10][ +9][ +8][ +7][ +8][ +9][+10][+11][+12][+13]
line:3 [+16][+15][+14][+13][+12][+11][+10][ +9][ +8][ +7][ +6][ +7][ +8][ +9][+10][+11][+12]
line:4 [+15][+14][+13][+12][+11][+10][ +9][ +8][ +7][ +6][ +5][ +6][ +7][ +8][ +9][+10][+11]
line:5 [+14][+13][+12][+11][+10][ +9][ +8][ +7][ +6][ +5][ +4][ +5][ +6][ +7][ +8][ +9][+10]
line:6 [+13][+12][+11][+10][ +9][ +8][ +7][ +6][ +5][ +4][ +3][ +4][ +5][ +6][ +7][ +8][ +9]
line:7 [+12][+11][+10][ +9][ +8][ +7][ +6][ +5][ +4][ +3][ +2][ +3][ +4][ +5][ +6][ +7][ +8]
line:8 [+11][+10][-99][-99][-99][-99][ +5][ +4][ +3][ +2][ +1][ +2][ +3][ +4][ +5][ +6][ +7]
line:9 [+10][ +9][ +8][ +7][ +6][-99][-99][-99][-99][-99][+99][+99][ +2][ +3][ +4][ +5][ +6]
line:10[+11][+10][ +9][ +8][ +7][ +6][ +5][ +4][ +3][ +2][+99][ +2][ +3][ +4][ +5][ +6][ +7]
line:11[+12][+11][+10][ +9][ +8][ +7][ +6][ +5][ +4][+99][+99][+99][+99][+99][+99][ +7][ +8]
line:12[+13][+12][+11][+10][ +9][ +8][ +7][ +6][ +5][ +4][ +3][ +4][+99][+99][+99][ +8][ +9]
line:13[+14][+13][+12][+11][+10][ +9][ +8][ +7][ +6][ +5][ +4][ +5][ +6][ +7][ +8][ +9][+10]
line:14[+15][+14][+13][+12][+11][+10][ +9][ +8][ +7][ +6][ +5][ +6][ +7][ +8][ +9][+10][+11]
------------------------------------!!!PRELIMINARY_X:!!![9]; !!!PRELIMINARY_Y:!!! [9]

I WILL PRINT YOUR ARRAY
.................
.................
.................
.................
.................
.................
.................
.................
..OOOO....X......
.....OOOOOXX.....
.........OX......
.........XXXXXX..
............XXX..
.................
.................
curr OPP COORD: Ycurr = 8 Xcurr = 10
----> Piece 2 2:
piece y=2, x=2
I WILL PRINT YOUR PIECE
*.
*.
i am in hot!!

pre X_:[9]; pre Y_: [9]
pre X_:[9]; pre Y_: [9]
pre X_:[9]; pre Y_: [9]
pre X_:[9]; pre Y_: [9]
							enemy_x:10 enemy_y:8
pre X_:[9]; pre Y_: [9]
pre X_:[9]; pre Y_: [9]
pre X_:[9]; pre Y_: [9]
pre X_:[9]; pre Y_: [9]
pre X_:[9]; pre Y_: [9]
							enemy_x:10 enemy_y:9
							enemy_x:11 enemy_y:9
pre X_:[9]; pre Y_: [9]
							enemy_x:10 enemy_y:10
							enemy_x:9 enemy_y:11
							enemy_x:10 enemy_y:11
							enemy_x:11 enemy_y:11
							enemy_x:12 enemy_y:11
							enemy_x:13 enemy_y:11
							enemy_x:14 enemy_y:11
							enemy_x:12 enemy_y:12
							enemy_x:13 enemy_y:12
							enemy_x:14 enemy_y:12
line:0 [+18][+17][+16][+15][+14][+13][+12][+11][+10][ +9][ +8][ +9][+10][+11][+12][+13][+14]
line:1 [+17][+16][+15][+14][+13][+12][+11][+10][ +9][ +8][ +7][ +8][ +9][+10][+11][+12][+13]
line:2 [+16][+15][+14][+13][+12][+11][+10][ +9][ +8][ +7][ +6][ +7][ +8][ +9][+10][+11][+12]
line:3 [+15][+14][+13][+12][+11][+10][ +9][ +8][ +7][ +6][ +5][ +6][ +7][ +8][ +9][+10][+11]
line:4 [+14][+13][+12][+11][+10][ +9][ +8][ +7][ +6][ +5][ +4][ +5][ +6][ +7][ +8][ +9][+10]
line:5 [+13][+12][+11][+10][ +9][ +8][ +7][ +6][ +5][ +4][ +3][ +4][ +5][ +6][ +7][ +8][ +9]
line:6 [+12][+11][+10][ +9][ +8][ +7][ +6][ +5][ +4][ +3][ +2][ +3][ +4][ +5][ +6][ +7][ +8]
line:7 [+11][+10][ +9][ +8][ +7][ +6][ +5][ +4][ +3][ +2][ +1][ +2][ +3][ +4][ +5][ +6][ +7]
line:8 [+10][ +9][-99][-99][-99][-99][ +4][ +3][ +2][ +1][+99][ +1][ +2][ +3][ +4][ +5][ +6]
line:9 [+11][+10][ +9][ +8][ +7][-99][-99][-99][-99][-99][+99][+99][ +3][ +4][ +5][ +6][ +7]
line:10[+12][+11][+10][ +9][ +8][ +7][ +6][ +5][ +4][-99][+99][ +3][ +4][ +5][ +6][ +7][ +8]
line:11[+13][+12][+11][+10][ +9][ +8][ +7][ +6][ +5][+99][+99][+99][+99][+99][+99][ +8][ +9]
line:12[+14][+13][+12][+11][+10][ +9][ +8][ +7][ +6][ +5][ +4][ +5][+99][+99][+99][ +9][+10]
line:13[+15][+14][+13][+12][+11][+10][ +9][ +8][ +7][ +6][ +5][ +6][ +7][ +8][ +9][+10][+11]
line:14[+16][+15][+14][+13][+12][+11][+10][ +9][ +8][ +7][ +6][ +7][ +8][ +9][+10][+11][+12]
------------------------------------!!!PRELIMINARY_X:!!![9]; !!!PRELIMINARY_Y:!!! [9]

